8199
486
9747
6089
4798
3766
5575
3450
561
2902
5043
8420
235
6919
7814
7147
3088
5910
8958
1805
7312
6422
8838
820
7513
3084
6093
7437
6941
9120
7117
575
8021
8656
7012
7087
7009
2606
1077
8026
9106
3524
3819
7074
7338
5996
1151
8253
7099
2968
642
1392
5617
5746
2298
6841
2385
4490
1561
7067
7023
6256
5629
3342
371
3722
9438
1897
1526
8320
9544
4218
953
8862
2107
7775
6850
5272
8907
2360
9738
8351
9931
5093
9056
5944
9679
6193
3853
4519
1228
9917
5512
6301
5322
7250
1182
5945
3145
1709
4820
7194
2079
83
5969
2128
6748
9485
5145
3513
5262
5137
2944
8038
6855
5978
182
3366
5749
5240
79
6876
4705
5350
4248
2333
62
4182
8237
195
9921
1988
4932
7989
5176
6566
7328
313
6728
8471
1718
4642
4755
2918
1312
8123
7541
3700
7585
6264
3117
2302
2811
7277
3964
9013
7987
6954
4580
8780
2249
4092
3598
3353
3611
4459
9685
8100
4843
1298
976
7261
6693
5084
130
269
1749
254
1226
6481
4968
7743
8543
2226
1175
2608
2150
6991
8832
5106
5162
4673
8549
8712
8331
1158
9333
1163
4556
8770
5541
1627
546
3574
9781
6232
5326
6668
3260
109
8418
1099
3868
1454
7724
6670
3720
1848
7986
4650
1823
7720
1553
1027
3926
4079
8836
3877
5429
8944
5475
1938
7229
2491
3520
5572
1465
4844
8815
4435
9542
1350
9613
1050
6880
6382
8498
3153
747
6817
308
2524
5971
2026
5382
6988
9759
7005
7861
514
8511
1657
2474
8264
5252
6125
2629
8365
7181
5861
250
7858
459
4158
983
354
9819
9220
1037
3510
6624
4893
7461
8792
2928
9764
9532
6630
3461
7104
5745
9560
4531
4464
2043
6021
4659
3000
1849
7577
1500
9368
1376
6959
5342
6894
5890
6676
9100
224
1715
8557
3762
2463
2475
733
3878
4656
2656
7284
8220
1240
9241
2464
1860
423
7940
8462
8512
3040
760
1169
7520
8910
2580
7836
8697
1193
2301
3388
5488
7196
9454
9844
6097
7230
610
8358
2096
8824
5752
4008
8526
7135
5619
3131
8000
1365
7417
3888
5339
4824
4237
4295
7011
5738
4420
213
9801
2111
6642
2959
8152
6943
6194
9691
7847
5081
8140
9996
5578
4849
4921
3663
5616
8527
2721
3059
8889
4172
5713
4671
9392
4602
2833
6701
5648
1068
6410
5088
9219
8162
5826
6143
334
4591
797
9702
1534
8717
6091
1183
4022
3281
7336
6968
8230
6212
2481
786
7556
2671
8928
5324
667
9675
3286
7
2874
4906
4058
4035
2060
3235
496
3861
9273
1953
1359
9114
225
9364
956
7555
5975
8519
4145
2132
6367
6033
5987
4247
9651
3234
3810
3146
6952
7867
3156
7760
1479
3453
9606
8049
9094
7425
7628
4339
8979
4026
9540
7465
4606
3440
5497
6659
3243
1622
8405
7800
6348
8514
2340
5338
5307
7672
7799
6160
8535
8028
3481
9357
7058
6414
936
230
3642
6958
6356
6572
7084
428
3725
3558
8243
8300
6219
5078
691
3673
243
6136
7890
1343
6884
8328
1577
2714
7325
1579
3443
209
7834
8102
5790
2549
618
1071
9468
6327
9516
1621
2788
349
5049
1117
5246
9445
436
9957
2217
5290
8161
2674
8155
8533
3757
1248
4329
2791
8899
4052
5597
5291
4548
1460
5933
5586
3457
3210
9483
6221
1759
950
943
373
1548
7551
6627
7848
6069
9095
2252
4913
5375
8840
9875
7535
440
4115
3737
6867
8144
9714
3591
8483
265
8239
2436
9771
3555
1418
4688
5003
9247
5694
7677
9761
9662
9626
4454
69
6344
8442
7265
6872
572
6774
6513
7558
8854
8495
2017
1645
8923
5208
2259
1149
4473
3966
8127
7189
7221
6719
7502
1665
771
8164
5631
4923
7072
6439
9612
2963
6483
2089
4292
1097
5510
875
9938
2278
2785
1453
6476
168
7750
7224
9926
5284
8076
4261
6101
4990
6614
5448
4073
2023
6861
6897
6709
1967
7083
430
827
3007
8673
9300
9165
3150
236
6269
8970
7747
1448
5759
2130
5612
5630
4636
5394
2838
4045
2086
8411
8208
201
6933
4860
4683
2625
3648
9092
340
8141
3338
5349
5780
5092
9225
217
6776
3619
5267
8878
7400
8641
8945
9055
1320
368
530
7003
2787
8356
6767
5532
4477
5323
2119
678
2592
1905
1878
2705
4442
6299
5800
8746
4147
2297
2553
5722
2638
7225
8906
5788
3774
3378
9839
662
1241
330
1825
1511
2428
3588
2081
8518
4503
2143
4205
1443
9574
2636
7094
358
5721
9699
8930
5954
9446
7241
6186
9156
2489
5089
8071
3199
3586
3293
9620
1576
1164
9635
3111
9563
3896
1528
2044
8432
8386
883
1120
3155
9109
7637
1017
3939
1946
1616
5717
4593
4313
751
2641
2161
1833
964
4382
2227
5966
154
4737
3880
2622
1470
3252
482
1618
5473
1114
1276
8257
7748
4021
7586
937
4607
2336
21
4053
9169
3469
267
3535
6983
1768
9301
3600
2138
2311
9509
8625
550
8924
6962
180
5696
988
9455
7706
6271
3503
3924
8804
2539
4789
6717
6010
4621
4801
7404
7539
8388
4204
1762
4613
312
9932
5715
4689
2579
7904
3963
7163
7186
5828
2514
4582
4494
487
8426
3551
9090
2285
6173
469
4090
4333
6503
8950
7415
8120
9287
9030
1223
4138
2713
5926
7627
8872
3299
3103
4393
7622
3223
4838
8296
1139
3148
8139
5140
1046
2893
3552
1968
1370
1221
8211
6015
5055
2337
7957
9946
1399
3419
5953
6768
6769
8319
2378
4152
7668
9724
2947
6318
503
65
4904
9937
2960
8766
7591
1625
742
3962
5183
9161
3906
7822
5513
4934
9890
9512
8166
7220
2321
6283
2140
7939
3812
6133
8630
523
9414
6353
7243
5984
387
2711
6257
917
5955
6707
9253
5418
3912
295
8675
1730
5266
8550
1871
2799
5516
9866
1734
6265
3504
9104
8679
3887
8634
8859
3855
9693
9581
9862
4192
2076
8891
8363
6585
5618
3304
8857
4861
9303
2740
3869
9671
4189
7681
7438
4230
2775
16
5432
8636
5762
7692
3617
9205
996
8794
7680
74
9809
4712
6828
1235
9964
6306
7359
2432
1922
8800
6883
1094
1012
8912
8066
2366
3380
6575
5857
9541
7923
6022
2547
379
6844
4854
6181
9028
7022
2934
4718
8228
9082
2958
1969
2607
3122
6430
7951
1728
4815
3630
232
1615
9553
7933
7273
3402
7402
7660
5166
3476
1877
507
3290
9452
543
5913
7807
9879
9484
8104
5734
1555
4510
3572
7960
8040
915
6208
59
8449
1304
8043
6537
2794
2820
1128
1932
2677
7313
9197
6052
9683
7994
7360
5982
9984
6237
7895
4131
9788
1742
4546
3165
5643
3808
665
513
6445
891
5698
5097
3331
6078
6197
4294
6477
2315
2837
1683
3590
3615
483
4270
8359
2409
8605
5602
3779
7823
4408
5387
5810
9624
9257
1603
3987
4284
8362
1924
9719
7947
9004
8753
2843
8618
7918
9885
7738
3211
280
5066
7508
9296
3364
9622
9534
1813
1271
2871
877
9076
7227
8459
6087
3845
1211
3655
872
3003
7183
6391
8666
1674
5778
7922
2068
7209
5100
7383
9947
1859
2798
8343
2055
4779
9526
3675
1371
4759
3233
3739
7212
9311
4221
3825
9547
8935
9182
8897
4368
1354
7958
5460
1983
3010
1906
5767
173
6601
5825
1033
3101
1770
4657
185
8807
5205
9593
445
1786
9895
3454
3933
9712
8110
3125
3208
8790
426
9697
8142
8366
4600
4973
8004
3678
4462
8330
8060
3578
6949
5309
2486
4254
9634
5336
7169
4360
1837
1047
9860
4166
1696
7544
3944
4263
8581
9721
1686
6376
5936
6080
9141
4939
4129
1629
9682
2272
2669
375
3743
4526
2736
2459
9746
2220
836
8275
5472
1909
1788
4060
5025
97
4508
7182
9667
1442
9271
2895
6061
1610
7442
9060
1724
1818
2979
9815
1433
9599
4499
1069
9134
551
2661
2770
598
2620
8499
3747
8429
909
3340
4951
7358
1939
498
3907
3401
7306
8306
4000
388
2882
5625
3028
6703
1186
6612
3448
4761
7919
1191
1892
246
6684
9530
834
1412
9717
1514
7126
4038
8064
5929
4585
302
8014
279
8653
3253
7917
1489
5511
8468
8382
769
512
5384
7907
9351
9618
1353
6126
6371
6939
840
7999
7678
1064
3169
399
5508
3439
7321
5132
3182
7193
4769
8148
3030
9665
8868
8553
6802
5118
6824
578
594
7749
8409
6974
8964
954
9009
868
7008
3042
3309
348
3200
2621
7961
7145
2281
5814
6634
2208
9868
8303
1057
8007
6690
252
940
2818
2929
1794
885
3392
6363
7310
9981
2202
2353
6215
9842
3699
2300
6413
8184
6917
5156
9393
6042
5824
5756
9012
6886
7443
528
5029
8143
2207
7157
5964
5525
441
9523
2658
3284
9870
359
4236
7007
2919
5498
8658
6510
8806
4304
3969
8633
5050
8444
540
3285
1386
9021
8820
8989
8177
7840
7295
2830
6887
5318
8193
7938
2967
7444
9656
6135
2517
439
3723
8721
7158
196
4994
3198
9497
2295
9971
732
2634
6230
2954
1881
8851
8364
2596
4562
1314
1382
2975
1666
9845
3789
1329
9350
9564
659
4098
2157
7679
5279
977
7228
8308
985
6757
6857
9674
6760
2694
6161
1391
3230
8544
404
524
2846
418
4051
4164
3269
6511
7898
4277
6224
1685
5514
3066
7108
2383
5730
6467
8893
8210
394
9915
1358
8563
6448
4109
4536
919
6046
9478
6249
3358
3406
8676
2292
6196
86
4690
3833
3885
8736
75
7543
7413
2437
6674
333
6834
1673
3350
3914
6595
4149
3183
3128
4625
9476
9802
7192
3189
6622
7095
8124
711
9264
5571
6712
3815
369
3301
3860
3396
9075
3992
951
2398
5613
6666
9242
4978
1013
8595
1332
874
7207
8921
48
9967
9499
3501
1784
640
6441
355
2187
3124
9053
5361
9533
4332
6415
3805
1438
1832
3891
2974
688
5031
6805
3224
3255
8548
6925
9317
7201
2399
779
5842
4800
4872
8198
2865
8002
2645
4776
8574
5235
9993
1061
6462
4622
3289
3901
2970
2684
605
4714
1378
4324
8805
268
5484
2723
2265
3971
6084
5881
6288
8006
5021
9385
5589
9687
9762
4401
5566
4099
3471
3351
1651
9849
7700
7356
5211
7115
6871
5655
8421
7458
1208
219
8241
1131
8042
249
6048
9888
1172
5784
2496
593
6619
1415
5897
1503
2358
4119
7550
9959
1656
1564
169
4790
7231
1082
968
4298
3229
856
9903
5303
5265
8194
317
52
6928
696
91
4209
9785
5178
9196
6539
7032
55
613
8045
1797
4054
4691
8217
4461
6870
7330
8684
4245
8632
384
4406
6812
8017
7575
1087
9518
5796
4770
5946
6702
8059
6792
1229
9008
7208
5254
616
8126
1283
1738
8816
8131
2429
2977
571
179
1436
2680
3716
3607
980
7531
6646
959
8985
7185
7785
9617
214
9050
5308
685
5522
8821
851
5381
6314
3958
2255
8639
4208
112
478
2857
1720
2352
9041
1974
9211
6935
8176
122
8215
4918
4697
5194
4146
5639
7949
5115
1926
9848
1584
5320
275
8171
9263
3711
2807
1957
9513
7657
2750
4044
4268
5221
1981
1092
2835
5520
6058
3282
4777
1429
1930
9611
4537
9416
5395
3909
4181
1173
9465
6633
7647
6831
3494
905
3347
8168
5609
4837
1016
6228
3264
7758
92
2649
6044
9184
2083
5902
8758
7274
2176
7388
9664
6522
1975
5048
5312
7091
3857
6573
6963
6248
8997
7537
1646
8698
1134
8613
9495
7448
6398
6832
121
5552
782
45
464
9619
2688
2465
4632
9007
5
416
6243
3127
9616
263
2764
5991
8695
6351
6213
6569
2256
7842
693
1133
1410
1336
3849
8233
9601
9
3883
3204
2037
396
6116
4235
4469
5598
1836
4262
6165
7929
3069
4389
3404
5359
5116
5595
1678
2779
3431
2025
18
1826
2391
289
3262
9692
8576
5107
6180
5527
2628
6012
4148
7150
2642
2406
1520
6154
88
4710
4873
286
2732
6132
7279
1265
9143
1388
2101
9637
9260
5261
4474
1059
1293
3283
7411
2373
804
7179
2266
9039
323
9032
9160
9180
9289
9248
6795
1547
8814
7371
4168
7515
9344
5144
3745
7466
7059
3005
8111
2470
1449
644
7493
1242
8873
6607
2911
2221
8202
4019
657
8953
8222
4084
6735
6166
2729
3212
6945
8948
7868
8932
1339
6836
2890
4196
838
2657
5870
6543
3874
8099
3792
1144
1136
2018
9922
3307
8424
4791
4061
2270
9439
9954
4486
3328
6205
2216
1369
198
9939
5113
1935
5152
7751
970
1706
2504
3184
3311
5356
2639
2597
4629
6003
3918
8154
9132
4662
6162
5795
1361
8531
1529
8505
5482
1101
7569
1435
4057
2518
4307
7587
5310
9891
4496
5866
9744
5878
61
2356
190
3686
7173
1015
9749
8984
6961
9430
7491
2904
3644
6155
3842
4668
4028
4778
8582
3488
3085
7699
525
5896
3744
8898
4380
2816
8404
7507
6618
8395
1397
8302
7071
3314
6159
3027
9701
6899
6170
9944
7420
4818
2612
5399
8720
8647
6464
1690
8406
9377
7200
2359
3480
6001
1384
2244
4782
1045
4418
6418
4395
7119
9503
8547
1912
799
5300
744
1977
64
8772
1416
2916
710
1501
2737
8711
9166
3796
4430
7136
5385
8501
9490
1237
8881
7744
6355
7036
1110
6953
5786
7132
2200
929
3811
9230
2522
9772
3486
5237
7151
3171
5136
2993
5558
9017
1664
4140
8660
8172
4434
9897
3062
6793
2199
78
7236
4763
2394
4135
9162
360
3140
7976
7170
8793
9760
7635
3798
9659
8593
4283
5129
957
5697
5479
6756
4364
6515
2506
2153
6986
5794
6412
5196
9500
3395
4372
3719
2733
7973
8972
2472
256
8493
3935
762
7160
1595
552
2195
2930
2853
7216
6643
7403
2100
3001
3684
5378
6591
7876
1611
9199
944
1613
822
9657
193
9488
8607
9482
1154
2030
4121
3904
4006
2550
745
8875
9318
4534
5640
6
2516
6485
2145
3241
7595
8556
2827
2538
1233
6028
4634
9804
7000
5632
7357
6860
4742
6025
1991
4193
6429
6343
6043
9486
4942
4611
2879
7962
5042
9470
2509
2611
3057
9360
6459
9365
7600
9469
7367
4126
9972
6979
501
6641
4203
7078
8122
1921
3024
9011
1904
3120
2546
7146
5317
8537
2709
3152
5849
526
8494
6490
9145
7439
7851
6235
2748
3656
7251
4356
5351
1192
4940
8778
9933
7682
8572
2751
5741
6434
4945
560
7350
8696
160
8022
1842
1516
1420
9401
5250
4216
8934
3008
1644
6518
8200
4589
6789
4264
5963
8094
3866
2821
9886
3606
4394
2829
3174
3403
8305
1103
4413
7629
6545
1810
519
8925
9493
1155
9380
2923
7684
5170
9419
8224
8522
4839
7603
8272
2016
6878
3458
4982
9763
2534
6755
9976
5124
2307
3751
7190
1597
7301
2605
7343
5593
8734
116
6909
4407
7266
1481
5806
4886
9031
3356
4025
3740
8900
9373
6057
9816
7210
9655
4605
7142
5754
6671
5660
5277
2342
3916
2477
3435
2881
9464
1180
6488
329
1840
9556
4579
9843
2235
7246
9078
9831
149
818
8227
4774
9914
6174
5453
9348
9803
6377
3297
5440
7615
4966
4157
8883
8408
1029
4517
5232
4686
8626
3245
5845
1707
3061
1543
1687
5994
3310
9226
7526
9838
8730
9980
8620
4005
6546
9121
4822
6099
4679
9362
9420
6724
1009
1374
5462
3884
7830
8681
7808
6145
4877
8175
3818
5133
3753
4358
9543
2851
6528
4458
2906
6417
6603
843
1515
1356
8129
9139
3573
9434
3554
5245
8342
9531
910
7378
4999
8651
8069
5485
8205
8849
5750
4830
5414
8485
1485
2064
9660
7451
663
237
9494
7097
6479
7993
111
2125
1259
847
8260
2615
3018
4369
2236
9595
8869
2632
2644
548
7460
7879
8598
8575
5142
3854
6804
5408
3991
8250
9005
9861
9238
3977
5865
2002
5248
4349
4975
7474
3100
8716
9202
9244
9400
6267
7468
819
6553
6525
671
5688
3876
9331
8357
4095
2484
4229
3983
4113
4604
8940
8427
3266
3361
90
6667
2421
3526
3205
1917
6455
8174
8249
7905
794
5965
309
3099
854
8443
7471
6405
1179
5018
3863
8657
7597
2254
5200
292
6521
5167
1726
9578
2371
8484
9479
9210
728
2225
2209
12
7584
8119
9355
1782
2681
7111
9805
4359
1638
477
9398
4667
5599
29
7449
4751
4601
1959
3368
1725
3707
908
7395
5057
5446
5690
1205
3576
7573
2689
6957
4116
9963
15
9807
7462
8454
9783
3414
2772
8631
9236
5768
4545
3015
7264
8465
2146
3771
6498
5591
6142
138
7178
7503
2242
9022
8991
897
6018
87
7674
3892
7934
1274
971
1056
5887
6362
715
4357
8293
6282
8114
1698
2650
2008
331
8738
8759
3518
1604
795
5518
3922
4445
171
2400
9354
8267
2578
5577
8132
7675
1571
271
4153
3242
365
7098
8980
80
1253
143
4766
5785
6639
499
3487
5332
7745
7455
2445
4874
5941
2093
2778
7434
2456
7982
7174
5039
3090
9640
707
7735
9636
1450
6815
3499
6604
2889
1174
5306
4986
3034
4512
1527
8012
8286
6280
6798
8106
8564
2880
743
5268
1885
7841
4719
7884
5703
9006
2796
3654
1326
3411
401
6259
7148
4747
215
558
1803
7708
2203
3936
658
2574
7049
298
9629
1062
5126
1190
3505
7288
6727
5362
4470
1880
4984
1394
806
1318
3697
8458
816
6395
9942
9432
2050
5090
7481
1302
4002
721
8235
7592
1592
3490
6625
2461
4594
1545
175
2013
7757
589
9140
517
9753
2438
5553
7926
7093
4086
6524
8999
978
6708
9869
5798
2992
3930
6451
7977
4017
4107
9462
8355
8506
6037
617
8757
8324
829
5748
7707
8971
5477
3279
4979
681
7969
4055
1405
5614
5898
3989
1806
1986
9576
5174
4738
3729
9084
82
6236
701
4561
8082
4120
6277
7797
502
2742
2078
7051
8540
2941
37
9496
3442
2860
4468
8710
8277
714
2088
7500
2344
8834
4577
3348
3160
5217
9347
2763
5058
2229
7670
7843
3329
2262
4404
6901
600
3911
3872
231
5937
9561
1152
3529
1035
1607
4832
914
5538
9546
890
9328
7956
6070
3022
8648
4744
4566
1432
3985
4279
9591
5548
9375
6394
2248
2554
8278
99
1165
2113
5989
8226
3788
3685
7086
8761
2978
7609
793
5053
5755
3561
2349
4568
2972
6446
9151
8245
7571
4325
7975
2240
421
2296
5628
7351
7398
5883
690
28
7296
4273
2003
2223
9506
1556
1284
5997
8340
7601
4311
4980
6823
3213
419
2449
9898
6026
9472
4296
1466
9767
7075
4944
5735
5603
4327
9281
5909
6504
6453
9072
3975
3517
222
2309
7410
4658
3113
4563
8448
4125
1486
8108
7930
32
3206
497
5070
9923
6597
1345
6688
3955
6419
7815
6393
4139
807
8587
7997
958
4072
5094
4288
4059
2326
9881
6814
2215
287
2211
3134
5071
6587
1063
3465
6081
8909
5331
5906
4004
2542
412
7199
7213
8157
9681
2897
5383
5876
9286
6942
4997
2427
1918
5210
3682
1252
3913
9904
8597
3512
6576
3571
562
3052
4734
9057
7925
7794
9436
9502
3186
7730
3672
9549
5251
9729
2334
5700
8088
8435
8445
2443
6856
3163
1355
8915
1142
731
5492
9754
2577
8500
9988
1000
2293
7538
9389
2415
7932
3221
7276
4238
4644
9607
7728
7626
1964
8715
2009
8396
7113
4314
5067
7646
6452
5962
3596
9049
5668
5480
901
698
7943
5904
9171
347
8691
6270
7792
484
7215
9953
8097
8195
8993
8835
5839
6914
6199
3475
3870
1026
435
9334
3999
8943
1346
2241
5781
1168
4946
4176
4066
6274
5372
6743
974
6623
7258
3718
5379
6599
5008
3696
3326
1743
7766
6600
6873
5065
9720
821
2587
4784
1662
6151
9460
3294
7734
3858
4955
2802
4111
5585
7361
3698
9602
9882
1499
3990
2966
8828
8353
5490
7588
489
5095
8555
4234
4617
5932
9329
6927
2441
5977
5024
6692
9632
6312
2490
6715
3014
2815
2133
4943
2057
3418
6370
8271
4725
1554
8680
2648
1275
4062
566
3889
8087
6731
4868
8623
5844
6056
4847
9102
455
3136
5087
580
4425
5758
1934
4290
6816
1954
6854
5678
8756
6149
8801
6859
6333
2361
8075
8256
9216
9700
2314
1411
7971
3291
582
5545
5725
5257
1741
2738
2529
2869
5894
7783
2666
4878
7339
7787
2613
260
1578
5793
1263
4732
8668
1176
6651
5884
8218
544
9672
397
2233
1521
9817
9652
6055
3413
3263
393
8750
1421
7518
1733
1010
1195
2565
637
7242
1831
4586
8796
1383
1107
8399
4841
125
7512
7915
4972
2870
7860
4809
8904
1854
6036
5682
1469
5117
2455
7712
9727
1072
431
4241
7833
4285
4243
4720
6372
9405
6493
5720
3925
4758
6072
3497
1480
8314
9089
4444
6533
869
4857
2411
5624
5611
3430
8031
8273
2510
1246
6379
7662
5505
5711
1022
4665
9426
7222
4964
3257
7931
1227
8398
1598
351
6694
706
7428
1492
1317
6463
7924
1023
2690
5931
8637
5157
7910
6801
2181
7561
7921
8009
5219
564
2687
5680
2102
449
5708
3006
5500
81
6653
5561
8115
41
6711
4554
815
5813
2720
7805
5554
2994
25
7335
9658
6896
491
1886
5983
4833
7297
3154
3945
2237
9087
864
5315
1147
3063
9474
7079
4618
7472
1919
2114
2058
865
2354
5270
2758
3300
5988
5401
8728
5528
5044
9646
6291
6146
9019
4093
2548
1867
8662
240
5354
7872
2706
4173
4191
848
204
7777
9179
814
6910
664
4821
1997
5646
5392
984
2998
703
1273
7035
981
1464
541
3988
3197
2896
4557
5105
6955
106
1484
6698
2744
4269
5204
8096
895
6782
4574
8197
4466
3770
6761
5914
3398
9985
9131
4108
670
7765
4702
306
1377
8787
5594
8863
1901
9614
9062
7654
4624
4666
8774
6637
9387
4188
2273
9808
2198
7701
1187
7073
490
2686
817
1396
1857
567
8158
811
9969
2085
6134
757
3383
5848
3713
3927
9554
1254
926
1349
938
966
2618
8709
1798
9085
931
6406
8690
5766
9590
3759
8083
3278
2377
1630
6079
568
2971
3773
1948
1552
3781
1338
8601
5074
6431
2595
7154
1126
6002
9644
8332
1451
4492
7553
4879
6862
3749
5607
3661
3731
9407
776
6874
7239
8568
187
2067
9919
3755
7031
7964
8803
8281
2562
7047
8833
3072
5486
6313
5573
207
6559
5112
5837
7698
7042
6781
9136
8963
4813
479
7373
5943
4317
9215
2239
5493
1736
8133
2541
9649
741
3258
9127
7137
7429
453
9010
8929
4319
1425
3390
2535
4427
9977
5447
7365
9755
8414
619
9384
5957
1328
1280
3397
5860
6019
3541
7722
3693
7387
9539
5792
452
1467
6605
5220
8640
3610
8334
5888
6912
1096
5433
7725
3219
2922
2069
6640
6695
504
3500
1409
7407
7894
5740
8153
6332
7257
1051
9116
7897
1517
9123
5540
5264
2218
4583
7478
8301
9535
2446
9150
3608
6626
6440
6478
4678
5119
8284
3950
3803
9441
5729
9997
3956
4043
1996
5840
4903
6759
1257
6207
2695
6211
6794
1752
123
2961
4825
3377
8431
5099
590
5667
5919
3920
9201
3636
4969
5468
3306
6610
1095
2070
5637
2032
2590
6689
9020
11
708
5679
7530
3065
6013
5330
5706
6328
5683
9250
3464
9170
4085
3012
3776
6509
6492
1973
6579
9065
6140
5215
1660
1928
6682
2479
9473
7831
6389
754
7625
3408
9270
2007
7452
3864
3216
1572
3016
5190
9623
1902
238
4528
8159
7017
9154
7856
6947
4371
7711
9858
2116
6877
1078
413
9827
2167
4680
3250
8472
3405
7480
8089
3491
4875
2404
9752
5823
5742
6357
2545
9188
8713
8048
1705
3801
4322
1771
4511
5402
1845
9305
3806
4723
7495
4272
780
3794
3986
446
7167
3336
4078
1640
4788
7414
4428
920
2183
3202
9822
5644
2836
7244
7770
6369
1658
2903
1084
6577
5935
4507
7608
7826
9390
2447
7070
2673
9231
9396
242
5282
3357
9397
7695
9213
3653
223
9696
979
2066
3343
7648
7456
8486
7379
4258
9091
157
2676
6040
3372
205
3341
31
9113
1306
4198
9631
6082
1846
2752
9930
5580
6606
1916
9863
2214
6497
9859
4275
6354
1650
1028
2149
8125
2832
5019
3428
7002
5069
8751
2448
5710
9277
2726
916
3367
6656
4881
1337
6997
3369
682
3045
830
9332
4701
3472
6384
539
6168
8213
9730
4039
8130
1684
2019
1861
5659
345
8567
8594
1966
9552
2603
1535
5426
8183
6147
407
5654
6657
6486
1999
3760
3994
6310
5535
7285
5831
5079
4509
4067
5329
9040
7484
2253
1872
9319
1727
9080
2982
824
5063
155
9359
6542
3563
2476
7936
6105
2523
2617
9431
5915
3195
668
2844
2065
7247
1586
2745
2746
4684
1102
1530
8470
3485
3942
5583
8010
9565
6331
9698
1884
7691
319
9830
7234
8541
1483
1958
4217
9836
3409
1055
790
7427
5450
4703
6435
8722
4475
376
2591
1628
7968
4559
4941
4260
5770
8542
7523
5850
4772
2734
3320
150
9342
3060
9732
7487
8610
6229
1348
5610
6144
3142
7732
9528
6148
4987
71
6819
6113
1507
6189
6762
4150
255
1277
2942
2395
7612
3385
6598
1344
5805
23
4373
9797
9800
5255
1956
2412
6020
4612
5233
3026
3754
1019
7144
9382
8160
2105
7368
7293
4398
1723
6966
5143
2508
3319
321
6826
6540
4096
9569
515
7162
4588
1875
8329
7249
3750
1895
622
6810
8931
7063
563
1600
6780
656
9345
2422
1864
592
318
2418
2494
7655
6890
8624
1802
1498
9669
7581
4538
9867
522
8488
1403
6334
4909
9297
5940
9676
4202
1025
13
3427
5556
1196
6592
3092
3741
4077
322
9790
6818
1476
7638
5903
3582
1701
6482
3979
5681
3525
534
6978
5986
2142
928
921
7202
3612
1308
38
5442
5122
6906
2118
9505
9779
8990
2867
2823
7238
7793
4711
1855
3232
3048
2861
5635
1247
8309
2469
4352
6558
2556
4091
1282
8138
603
1038
7509
6853
4110
8490
4628
4736
1663
2454
1407
7280
378
1083
7320
789
8384
7065
1204
6544
3158
6325
8515
4623
6835
7184
1167
3724
3166
356
42
361
6527
3498
3121
2500
2513
3835
2028
8524
3597
871
6470
7521
683
181
391
7669
5970
4219
208
7716
1796
350
2707
7370
9982
7955
2098
7813
585
8433
9583
3151
7559
2540
9232
8403
7454
7109
1270
7801
5605
7863
7298
5288
7614
5389
8313
4305
4232
1108
5121
6520
8896
8523
1505
1815
4210
3305
7423
7205
9285
3997
1568
6663
5425
1868
7026
549
7673
615
1060
6272
894
1858
466
2147
925
9515
2973
8304
2571
6494
3651
697
8134
1702
3981
434
9227
8381
9737
3959
2151
2291
4299
729
709
5716
1787
6807
9750
9096
7624
3002
5413
3432
3823
5776
77
7219
2570
3033
3575
9178
4334
3274
1279
4750
4555
862
3295
8423
70
3666
7741
6276
1156
6216
8068
8391
8065
1207
8516
7845
6675
873
4438
7100
6920
9587
9758
5981
4495
2036
117
7617
8437
9282
6373
5301
7116
9791
9107
6913
5172
676
8016
2317
8560
9309
5244
9383
3703
4302
3633
1882
1989
3137
1719
7272
9002
5216
352
7517
2824
5002
8223
1140
3565
5452
9206
7709
6710
3566
1321
6875
1213
4151
960
2180
4884
9042
3527
4256
3832
129
8589
6729
4375
6976
6499
2756
9688
7767
9756
7727
7349
346
4793
5407
6811
3422
6980
8819
7069
3650
6119
7790
2660
8410
1287
9038
4974
2492
7583
2731
6117
2609
1290
7235
9666
2593
5289
2299
8825
2379
1020
5993
6506
2048
8204
5390
3288
3268
7752
7166
1694
949
4033
5537
7416
4829
8464
8701
1508
4663
3478
9204
9605
3004
1115
5747
6820
2683
6024
3692
3795
1809
8221
2166
3047
9887
1389
5724
3020
3298
4016
7422
2920
9987
3996
2099
1239
8440
8369
9821
5110
4206
9153
2162
494
6672
9044
8352
8818
161
5225
8451
5606
6014
5420
5478
3315
2260
7640
8823
5974
5838
2393
9409
4376
2526
8755
6244
4771
4467
9222
2951
3094
2937
2888
2825
156
9520
1869
7733
746
5456
5771
7391
6893
6720
9149
6763
2450
467
1066
1132
4565
2362
6323
1569
6472
6849
2521
2322
3613
6425
7292
8179
3473
5253
7237
5560
6549
7835
4756
9138
2090
4869
2962
9733
1699
1043
3355
8055
7746
5086
2512
4180
5905
5139
531
7044
9444
1458
2071
8976
7477
3496
6678
7053
8170
9588
8602
9421
6697
9177
7488
2439
9356
6772
9504
7552
107
801
1249
6495
2536
1493
2551
5328
4171
3236
9896
2765
5465
7445
7275
6349
596
723
7953
7980
6830
7806
4853
5636
3756
922
3455
4746
6922
1430
8802
7121
1220
1689
538
4573
7463
4502
8085
7333
1570
5247
6517
9088
3800
7369
6428
5298
1216
7781
796
3758
4392
8453
7837
9907
9715
1260
7948
1945
1760
2080
7755
8251
4901
3674
7122
7082
3437
2912
8967
2435
8167
2074
8621
1772
3523
4278
6934
6129
9936
6255
5149
2185
4410
5424
2926
1400
1203
1851
9508
63
4728
8521
8951
8642
7549
7366
9255
5417
2819
4195
7731
4049
1362
9627
5033
5822
8826
9716
5230
8407
9689
9480
6088
96
113
7633
1829
8316
5568
9778
5163
1032
8966
5853
2304
1334
5038
442
4136
5821
6324
5712
8346
8850
1366
5209
767
6298
7161
6364
8654
2462
5263
5192
5868
2868
3544
3249
7832
3839
4682
5592
1401
2610
2269
4627
7376
9871
5168
888
1395
9069
5760
2627
5495
2014
9243
4399
3118
5827
8128
7253
5293
1522
1044
8051
9466
8786
7130
7318
2033
8053
1385
6123
8178
1130
2601
3416
7024
7062
3620
3272
3688
2468
7774
5430
4047
1773
857
8052
6218
4155
9851
6436
6289
7446
8708
1681
1111
7844
1915
3261
1764
1423
6139
6098
2408
6584
6889
1296
2589
6366
2407
3802
4184
429
2403
8846
4891
2840
1006
4610
4817
9403
8927
367
4089
7485
7019
8733
7399
5104
6475
781
6502
6206
6739
366
7590
1933
9415
5487
990
9212
8856
9324
7447
4386
2466
140
1230
6074
720
3276
5952
8629
5080
17
3676
7642
9023
7946
777
4995
3043
5218
8371
2424
3531
1123
6296
4345
6345
6092
4249
8843
7786
9941
4727
6279
2558
9118
2303
262
162
264
9680
739
8566
1590
5130
7217
4424
7240
595
8077
7377
8749
8137
7290
8763
3515
3932
6665
2
5879
1170
3847
274
9501
7542
27
773
1783
6109
6178
8776
8723
6286
94
6752
2877
9291
5772
1387
5728
7397
4446
9440
8401
5737
1914
1360
4483
8056
4846
380
9068
4122
2939
9857
9406
3180
8046
5012
1737
8146
7656
740
7665
5775
5787
6150
5177
892
7516
8001
8436
8700
8852
861
7697
4733
5519
1900
433
3687
174
4048
9275
3079
9208
505
4917
5131
5622
4848
3220
3021
2790
5056
3550
8480
9283
9429
718
942
2097
3662
4587
2582
9254
9399
3665
9027
6632
3646
5243
6231
3638
1121
8368
7519
7599
7527
1294
5380
4794
3139
6596
8492
2583
3374
9167
9766
386
2980
9740
2368
1856
7854
7326
9321
5083
635
6696
192
5949
547
6172
2957
8348
8667
408
5061
5319
134
2039
2858
689
7494
5534
7567
8025
4242
2123
2390
3087
8231
9194
3247
2704
828
5934
8439
906
8491
8093
4729
1497
6940
4134
206
8545
5062
5026
4890
5295
918
3068
4902
6059
785
8670
2719
7165
5428
3763
8018
335
4478
8015
7133
276
6390
6304
4550
3528
6583
4118
4570
8400
305
4819
6808
194
5371
4409
9748
1341
2946
6848
1601
9051
9059
9768
555
3807
2768
7992
7671
1446
3797
9487
8809
3373
587
4083
5685
3312
6247
1393
9079
8687
6034
8735
9240
2665
3570
577
3873
3275
7254
1523
1862
5557
4320
7353
4931
8112
5201
9916
6238
9995
4533
7688
5874
6187
7782
2990
1031
1636
6560
293
4773
2507
2268
9940
687
1887
9302
9341
1820
5346
4451
8890
7686
3483
183
7954
4647
7967
320
3412
2769
316
480
6426
3641
9650
9316
6536
3679
8061
7623
965
7260
3147
9654
3799
8914
5501
5283
8599
1750
9625
860
253
6589
2275
1995
3482
6677
6038
1106
556
118
35
5581
7302
4950
6581
7057
8508
6937
7937
1225
3715
3393
766
1482
3071
2948
1652
4160
9705
9992
4032
124
6993
8685
6551
6284
935
4104
9037
1908
3108
2531
6799
948
8345
8817
3609
4377
4423
1565
1112
2931
8600
4306
8871
8192
2473
9912
9339
5895
8788
8136
342
2196
3546
5231
6094
7489
1007
9958
7245
8187
9566
6681
8390
1075
2675
1495
7651
2567
9073
3721
420
2312
6864
9999
1800
7729
1647
7874
826
9157
2306
7143
9562
4960
3009
3162
8073
9884
5186
3508
4142
2053
4552
7596
8054
2350
1819
3434
2852
6673
911
6982
7077
7694
5148
1342
6787
281
6631
4281
8147
5858
6473
8438
1838
8270
8988
4792
14
5467
9293
8528
5661
9647
4222
716
2667
1295
3179
7995
5077
2747
2563
3625
2276
4303
2812
7862
6157
1398
6073
1054
5633
3659
2182
3618
4926
8947
4706
2544
6184
1224
3677
7421
382
6214
6629
6076
4012
6501
7959
1455
1811
6023
5918
3952
5398
5829
5916
5199
3557
9066
4385
8983
1779
218
4856
4482
422
9108
2573
5817
9873
6300
2012
6336
9036
4595
4030
202
4641
889
8389
7877
3228
3680
4708
8702
5901
1422
9893
5834
9524
612
4925
1712
288
5013
8908
6156
808
2120
6039
5967
8191
6204
1717
7262
713
6785
6062
5294
7080
3093
3946
9269
1414
2011
5832
606
8674
10
5547
7882
5015
4041
975
227
6285
5939
3733
581
19
3051
184
6337
2335
9489
1402
4233
6421
9877
4698
7974
4915
5550
9968
57
4553
5120
8341
4516
7829
1732
4892
6726
3036
8837
6971
527
9670
4590
6240
7432
3903
3316
3349
9492
6454
8578
7467
5761
3908
1993
6198
9975
9003
8003
8417
8782
5423
3635
3841
248
2955
211
9872
2087
4692
3735
4117
3580
730
9735
2191
8848
7482
9955
6995
7869
1478
9510
5441
9633
7828
1157
2808
4648
1540
6555
3359
2782
9183
8744
1659
6965
5709
3035
3980
6967
5459
8920
1619
5299
646
1039
3829
341
8781
377
4953
5470
3081
2165
1289
5818
5601
5458
2201
2847
127
2188
8586
9314
1159
1920
8394
9467
8477
4156
8457
837
2771
4365
9413
4132
1452
3919
9950
9908
3947
680
4437
7384
73
1791
4768
9833
4144
6568
3251
4124
2190
6252
4715
1251
119
6803
9498
4882
3634
9537
8375
5182
1327
4011
3098
257
4749
1052
4616
147
3714
9811
8476
5206
3468
1076
6730
6402
2991
1440
8487
5409
5287
2631
8779
7562
3780
5928
4177
5663
8379
9174
1272
3159
2124
6764
3106
10000
4042
3553
26
6758
8344
8019
6251
4065
4432
8374
6746
8611
4626
5925
4419
3167
7141
3075
2045
2380
6000
9052
8743
1688
3767
4722
6004
9825
6648
1753
5164
5449
852
7380
1963
8678
2834
3579
5723
4040
7479
5207
2988
6734
3410
8297
7560
451
6562
7018
3190
6809
8933
6177
7880
9239
4123
8254
6609
4745
6972
5489
6567
8372
4414
5377
761
7689
8315
6704
3078
8799
3333
638
4542
3425
9422
1766
8258
6302
6268
8503
1780
7504
6403
2814
7346
5574
5334
6847
454
6593
694
2708
9572
1739
9447
7214
8692
9775
1549
4443
2139
1178
9854
272
9298
9475
7450
9615
8145
7736
8682
2347
2493
5045
4549
2129
6400
5370
4014
3671
1940
1581
6725
8496
3893
9571
9834
3226
6308
4457
5998
2004
8497
3960
5684
9945
9058
7340
1502
1532
4100
2692
6837
674
7362
5419
5365
8269
4840
5569
3840
6131
2091
1844
4541
233
4575
5882
6110
9477
3362
2520
6647
5165
7883
9451
866
415
8892
103
6747
9125
1747
1744
6683
1563
4362
6905
381
8987
5812
3657
3191
2936
5707
108
5296
4015
8785
4381
9929
8236
6045
6233
245
7056
686
601
9428
2341
5503
132
6611
7405
7798
9726
5948
7574
4094
3640
7282
3073
5000
4308
7582
6984
1368
4569
1776
6964
7985
1177
395
9799
8565
9335
9878
488
251
1472
4802
2995
991
385
6732
3149
8982
4491
6050
3325
7838
880
969
7138
7764
554
3492
8894
3135
5869
3664
2169
4522
7740
3114
9704
3056
5900
5213
8886
870
6738
4506
1830
4300
9507
4687
8867
2051
3
6779
8248
5388
986
2134
6480
2806
8775
722
8765
1080
9604
4765
43
6460
9570
5476
4814
1731
6416
1740
6705
2015
5314
7645
3196
8050
7984
825
8745
614
4031
9186
9147
3627
5808
7114
1814
9395
2646
8538
178
7149
1324
8117
9962
4029
8084
7344
8266
2280
6686
9787
3451
2999
9381
5924
3881
304
8877
6127
2457
1790
6399
139
2672
8370
3793
2452
1883
1888
9404
4696
8584
882
5228
4959
5227
5651
8942
197
448
9343
7204
5862
784
2319
3039
1034
5714
9824
1008
4851
8845
2131
5803
4870
1769
6138
559
8323
6305
7632
6842
1891
3559
6188
7038
4808
2175
2532
8311
2604
294
8373
8664
2126
3848
2886
4105
8446
9986
7263
1053
2228
2440
315
5856
8622
712
4862
4894
9892
5040
50
8677
2712
1649
2682
7602
3376
5802
2564
3076
9723
6644
1942
9709
4645
7076
4170
6273
9678
7490
3836
5564
2850
9369
102
2388
8116
9198
3053
2697
8020
2062
5491
9458
6118
3705
2927
3791
3827
2701
6829
8740
1531
1536
3157
3647
574
654
1496
1408
411
4947
8107
2160
3460
7634
5173
3928
7088
7043
4544
8456
9252
1812
8559
7909
9979
1865
7891
3738
9435
9388
5744
3389
1677
5570
6063
1525
6496
3507
9491
4567
5652
5676
7323
3193
9176
3540
383
6375
4199
9349
753
5990
2983
798
7505
3215
7342
2630
438
3631
2855
1040
4326
672
4887
800
8265
1439
6031
4023
5731
6590
2413
6765
6287
6635
1544
6891
6137
7499
1667
2210
1431
5355
2495
5621
4876
2332
9148
9098
2498
9776
5835
2741
4250
4816
7631
6223
9829
5855
1533
425
1473
2095
7604
7607
1262
176
4174
2430
1714
5068
3203
4487
1212
835
631
8571
1145
4651
3851
1299
9743
68
900
2152
4007
7721
7802
998
4880
625
5437
802
6195
1129
5956
8714
2569
1847
403
6005
8903
6879
6718
9402
1297
1181
5060
3394
5961
2943
1894
1573
1697
1234
5135
2061
2364
6030
7906
5843
6169
2024
7998
2375
9592
6474
3097
2396
2313
2501
7825
3218
390
6167
636
8291
4076
772
4831
9064
8461
2997
282
3489
332
8081
8969
5292
6385
1890
100
4056
1841
2365
291
9918
1824
4811
752
4935
5736
2141
8229
339
632
5551
7006
1675
9951
5649
4257
7191
2159
2433
5815
2330
3516
9187
4731
6960
463
1286
1138
4498
9259
6311
7658
5041
8150
5405
6851
9437
2900
4128
4239
2049
133
7393
5127
148
4018
9449
4309
6432
5146
3470
4631
8994
5032
6442
7942
49
5917
4112
506
7718
8416
2343
9555
2984
1799
4910
9538
5638
1713
994
3593
3345
7124
677
653
7372
4353
6806
336
283
4916
1127
337
963
1404
2117
5358
8649
3074
7345
3192
6029
9330
7418
2320
3105
4187
2219
4347
114
6292
9418
3545
1962
3543
2374
8299
2696
7102
3095
4063
3589
8360
7928
7554
533
5576
6652
8380
5367
1199
3267
4227
3782
8327
8608
7719
5160
8460
7864
1691
7945
8475
4452
9826
4991
2804
1303
7778
8727
4670
4276
9054
4411
105
750
5958
7547
6532
9471
9308
7096
5464
6908
7913
8062
7030
8070
8829
8246
7524
5588
1839
1994
9262
2873
6825
8998
5726
7908
6613
5463
9621
8209
6650
9684
7464
1137
4958
2258
6827
3556
6141
8276
7663
5927
2231
3736
8916
3324
907
8024
705
3129
9902
500
221
6716
3185
9386
5391
6321
5567
4212
3602
7572
3330
6950
9234
992
6220
1222
2122
6687
9117
9130
6192
8354
4497
8876
8317
9741
1456
3225
9070
8645
8037
2530
7761
472
6164
5587
2679
4267
5198
7639
8013
2921
8279
4071
9909
163
849
4259
7430
9718
3495
4447
1676
2046
3054
532
8957
1188
2557
3879
93
2908
6175
4920
2643
8412
1104
7252
4664
4335
1537
7090
8063
4342
1148
8946
3837
170
7015
9086
8513
5666
3049
5985
8588
7396
1807
2035
4957
4985
9840
1984
1067
5650
8430
8151
8292
4845
4767
6902
6404
842
542
8936
372
9965
4962
2382
4207
200
2560
6100
1998
2614
7593
5930
6315
3041
4441
4912
4501
5072
2585
7804
7809
1491
7514
6753
9185
7354
620
84
6106
1457
7576
7406
8504
126
4530
9461
2234
4416
7580
7435
8467
8428
6437
6158
1874
2286
1801
3188
9780
3765
3764
5753
3091
9577
8282
7187
6250
5422
8347
573
6888
7878
9411
9391
9638
3624
6006
9568
6060
7176
9124
3144
4596
7382
1949
3786
1105
7866
9001
8047
4201
2419
2781
4757
3882
1605
2279
6948
8570
9828
1758
4786
8688
3038
1160
7294
7978
2192
4547
3379
5161
1036
338
2776
923
1202
1153
5175
8661
2154
4971
2905
6346
5546
7255
6352
9457
6661
4194
1171
8536
8072
2205
5836
1244
4271
8724
6438
1375
1729
8086
1079
9961
5642
9911
3816
8583
1583
6745
8879
5912
8289
2267
7710
2376
5297
2780
9367
2635
5733
783
2372
4331
5584
5751
5187
2294
3921
5718
7717
2063
177
2263
6723
8591
6295
2828
778
427
1641
8339
3522
3532
7889
3984
3382
6246
7685
5311
1417
8186
4010
4274
2515
7873
8247
3778
66
7270
5415
604
5416
137
9261
9033
5892
9880
1965
2891
3109
7327
5238
8095
4988
845
737
792
4743
6617
8321
1319
6392
8255
3530
5590
4721
8318
9786
5214
2594
6638
2034
8919
1614
1189
6565
7155
5972
7810
4961
9769
2423
1166
7690
5544
6471
1162
417
3227
6929
8995
6222
6669
4397
5229
2875
3923
9864
5345
8659
9112
5223
1512
4865
5563
4244
7476
8290
3265
5833
3667
599
3670
5222
8827
5269
7107
7314
1315
4694
4493
7636
5908
3141
7715
4675
9924
8029
409
9015
6706
6998
4535
5406
3244
3067
6655
7289
7818
3181
4489
7004
4433
7085
1745
296
2584
8234
1073
8725
9550
344
5400
5034
7436
904
8844
8795
4343
6468
203
4924
1351
6840
3256
3717
4293
1566
159
9412
7643
2417
1125
5082
9536
4383
9837
4175
3547
5368
629
7892
7497
2793
6773
4133
6083
4087
3769
188
8532
5435
6858
8551
5158
609
2197
8034
9456
8466
884
450
2381
4523
3581
7579
2685
1266
7605
1065
460
5691
1301
3813
1119
9168
9645
8367
3177
4760
3970
9792
3844
8450
6424
5443
1380
4810
6751
7303
1538
4471
6261
5134
392
6786
3447
2487
8861
6990
9920
2318
3217
4754
3334
3296
763
406
7419
9522
3327
7563
6254
639
3371
5899
7903
398
1792
6845
5673
9853
46
199
955
1198
7305
1445
6122
3652
7849
5517
7319
3044
8974
7248
6628
5543
1672
5333
4781
7101
9111
6096
6918
8870
5185
7259
1617
4348
7546
2230
8030
7048
3777
2822
5579
5947
3445
8482
3417
2483
2402
1716
2204
2887
3433
8764
5672
6120
611
4127
648
1041
9739
8035
1765
4034
7392
7041
8441
2251
7771
6067
1778
9567
2883
5938
9794
1340
9978
2759
1931
3537
5335
8808
6679
4699
1927
1546
7963
7566
887
5677
6921
6387
4154
7870
6766
1594
9514
5620
8706
7644
7545
2884
628
3712
1682
6484
5014
5189
8562
7139
131
602
9459
2405
7852
2730
9074
9734
7120
6007
4165
7278
3239
8768
692
6996
3237
9948
7068
6191
8590
5461
6777
5431
7714
9000
1648
2924
7039
9668
1048
4592
414
4179
5226
9906
1580
5531
5281
7726
8058
7374
2038
1509
1074
1245
4200
4297
8732
7972
1477
1777
9228
6784
5101
2619
5859
7737
4637
5393
7441
6570
9366
1504
4981
4911
1602
3577
6339
3726
4842
3178
8387
6740
8635
1363
146
5076
3948
6380
3562
748
5951
9949
6330
6335
9193
6066
9122
7092
4992
3993
6512
402
4338
9103
5769
3164
3452
5864
553
5302
6992
8693
6796
649
226
878
4889
9728
1471
4713
8619
9511
5960
4252
5664
8628
6744
9582
4525
2005
774
3365
5494
3940
1679
3727
9628
3787
3910
2261
5474
2761
3344
1098
39
2755
967
6449
6114
8767
8455
3246
3318
8121
8864
8882
7408
2727
1754
1816
9026
6932
9810
3456
2478
1030
2976
9708
7703
4186
2633
34
7659
7299
5804
3477
3391
7753
2331
3784
5801
3354
8973
5533
3746
586
2072
7811
6775
5662
437
1330
1907
5521
1288
1463
3438
9265
6741
2894
6556
4312
3954
6350
300
1899
47
8481
6839
4246
3375
6999
809
5047
666
1255
297
4169
579
3828
775
3957
2041
6685
493
6226
4633
7780
353
6491
1210
2485
6401
863
6227
4460
172
2115
6664
76
6381
3645
3830
5036
2555
2878
8169
1591
9099
2282
6989
481
5436
2112
9757
1201
1014
9223
261
2148
7666
458
152
7223
6443
5212
3871
7486
4551
474
7756
1444
5259
3238
9306
565
2849
2488
2864
4484
191
4009
972
8338
447
7322
1961
1761
2653
7944
9641
9806
5555
9378
7970
457
4704
7010
2566
6645
9266
6911
5203
1116
4513
2172
5911
1633
8252
3130
3702
3732
4183
8092
7990
7598
2401
8962
2586
569
7779
3972
7899
5973
4805
7885
8041
3521
7713
1307
7385
7483
5820
6342
4967
8109
4197
8561
4024
6065
7901
9276
2866
1755
8539
3584
9998
2171
2245
8180
4391
6915
3025
5353
4405
3231
5059
9045
9374
6049
9966
4068
4796
7613
930
1951
9175
153
9164
8880
5922
973
8558
5022
4735
229
3941
2789
9900
9353
634
2022
2328
545
1929
1680
7055
1269
7704
4914
7232
8954
9142
8244
1609
5348
9376
6320
2762
6163
5692
749
9989
5923
9820
7473
7110
6258
6621
2502
9725
982
3308
810
7409
1560
1091
6737
120
3752
8554
2616
1980
8885
7952
3569
939
3423
8704
9774
1437
9899
5444
2323
3604
2346
3658
844
8422
2899
9813
9172
9703
9713
7702
2651
6713
3363
3112
5256
3668
1427
6319
8783
7256
2414
1950
2073
328
2996
3415
1774
3783
8447
2189
8672
2397
7267
9600
570
142
8663
7394
8507
3587
7911
8752
9855
3542
2519
5811
8011
110
3622
6923
5743
4163
5421
2109
5523
3809
9181
8650
768
5872
5959
3484
5241
6582
9326
4823
3201
7152
1021
4983
5670
5627
7649
7269
2938
9603
9371
4185
9782
2854
2367
695
1781
9159
5526
7020
5701
7687
5180
5109
4780
2716
7355
1100
3820
8830
8207
7172
6009
1850
8748
4652
3467
6514
8773
7859
8033
9736
8212
6523
6303
1620
4310
1085
1335
9190
6700
8760
993
3899
7653
4515
1596
6866
2670
476
1608
8008
2717
284
9639
5506
5979
1642
7796
4488
7081
516
5363
3116
6994
4852
301
4463
8005
7125
6548
4214
6529
5274
3194
6526
3126
5600
5128
9960
5502
1557
2572
5438
2213
8842
8789
4340
7412
5783
4465
1197
6130
2848
6530
56
8415
2232
4543
5337
1
8232
3852
1109
3915
6077
7900
4080
9361
8529
8268
2001
3519
4103
9558
7683
1258
5234
4740
1300
370
166
2327
2561
5278
4584
7304
725
8520
932
9694
1763
1305
7570
9677
4899
7089
5386
4614
9256
1670
5111
2031
4527
2945
5184
5169
8079
5004
633
6465
7759
3479
3826
5819
1219
5623
4161
115
7291
51
4653
9372
8474
7696
2637
2817
4344
9814
4286
8434
8643
9018
6239
660
1209
6547
5809
7034
4114
4374
4255
314
6378
3704
1632
212
1624
8489
9594
8707
6386
8027
7363
2753
2434
277
846
2471
44
9994
8941
8669
4003
6985
6329
9290
6516
7763
3302
4827
6011
8579
3768
7754
1292
6797
9163
1982
7470
557
7564
9158
6754
6951
1200
7317
717
5871
2082
8965
244
1267
1459
5023
5886
5275
145
4384
2935
3867
3420
7981
9690
7896
9146
1291
2316
6574
8350
9610
2693
1889
9905
1671
8577
608
4504
8203
1976
9294
4639
2339
7475
997
4850
8922
4640
3649
7875
7501
8978
5027
4050
7469
363
7347
2177
2426
6241
4013
4752
5873
8718
2862
6658
7457
5765
5764
2144
3605
9129
3107
9237
6881
2901
3170
8911
9983
9024
2497
4977
7927
7066
9630
2588
3386
2054
5007
4
5276
410
4027
9284
831
1379
3709
3595
2250
2581
8884
8322
4001
7827
7773
2898
8644
1575
5875
6016
7329
5147
7386
364
8797
9217
3064
903
1468
4571
6800
1822
9191
6616
8703
4888
8287
5224
3534
6201
3585
764
6262
661
1373
4480
6361
3089
3995
8181
3549
3708
3321
7739
1913
6466
6903
6578
6649
2624
1506
239
8023
2599
7381
5968
1893
9105
5774
7453
4336
3536
2355
1843
95
8240
3013
4069
7316
2710
1011
7431
9934
1821
726
468
7865
8103
1261
247
4598
9016
3690
1785
7529
492
3381
9527
7817
9973
2797
5151
1024
5188
5854
6535
6916
995
3055
8196
2006
699
583
3119
2767
8865
324
8263
1559
2425
2077
7630
2127
3287
8502
2363
4354
4597
9846
5052
2416
7641
4907
1639
1971
5451
9970
9133
9481
1333
8612
5789
4922
5376
7424
1488
270
8981
1960
5001
3817
2845
3511
8855
3897
8615
7218
1834
7105
6561
7912
4378
2801
1562
738
6234
7619
6317
6852
2841
833
4660
4370
9643
8913
9517
2059
8285
2453
234
520
6053
4826
8729
2892
5123
6008
4998
5366
6680
7103
7776
8216
485
2528
9648
471
2451
2351
6111
3804
3429
5704
9722
8977
2290
2010
3082
3514
2525
4806
6121
1089
7846
1700
9229
5150
3462
3850
1018
5073
5615
6458
4787
5504
8310
1462
7315
2760
495
5942
7156
7112
6505
3273
3175
6383
5098
2872
5980
2173
6956
241
4500
2640
7046
8874
6360
6297
3011
7168
4726
5271
6182
5153
3463
7511
5757
5343
5091
4328
5035
9575
9233
6190
8949
3352
9742
673
9408
7914
3449
8509
8926
2718
7308
1711
5181
8295
1668
7016
7941
8392
4576
3643
2981
4858
3824
9312
1970
2047
7548
9943
1519
7742
5305
4253
9663
6225
727
6813
165
9991
4638
3176
8376
6507
7050
3222
4970
3123
2803
7014
8288
4355
4472
5075
5524
1143
9258
9653
5658
4871
2647
1896
6936
7364
9048
4387
5096
8918
1441
3706
3929
443
2826
2136
1042
9224
6368
7784
5347
8699
5686
5763
2932
6846
3407
2329
6733
1911
5085
8968
311
5779
3070
258
9661
8525
9935
5457
7064
8552
3961
4540
362
9137
9952
4351
8810
588
1793
1124
945
6322
9338
3292
3172
6427
2370
9370
2663
9209
893
3317
8242
5396
1757
8905
6564
8798
8101
6185
8259
9047
8534
898
7307
839
5657
1003
9889
2212
3115
9818
6433
2600
1357
2410
2164
85
3785
2725
6531
4864
5471
5702
6035
3346
8188
8333
2659
7661
6541
5374
941
6838
2989
278
3900
4137
8098
6326
9101
4695
6946
4143
4388
6051
5665
2654
8791
4524
4599
9894
5445
2655
6260
6885
5515
9288
5732
6153
7606
927
3096
4609
7060
2431
3426
8573
6770
853
6365
3681
6869
1118
3603
7616
6588
7839
5030
5466
8044
5645
4834
4560
9192
6290
4020
5693
5885
5020
7197
9307
8113
2389
5669
756
4291
9765
1775
1835
9144
1322
1135
6721
2357
1910
7768
9673
3621
1390
6107
2809
9337
5536
684
597
4709
7594
9974
9773
8517
9295
6407
1413
4643
6104
1551
5138
535
9586
9865
1748
4429
3280
9823
3629
461
1311
1979
5671
7211
4240
3917
6115
2084
4885
22
3943
8665
2952
6790
9928
4963
9608
9573
7568
1352
812
3974
5699
5851
7578
4439
2678
1943
6281
8739
5920
8812
4677
1541
2106
2754
4318
8937
3384
6662
2940
6409
6210
2662
1490
3207
5327
6103
1804
584
151
1214
9925
5604
4741
1474
4440
6931
8478
5907
4795
5496
4251
3019
8839
3748
5830
5675
2348
4578
2722
7175
1692
755
3058
1795
2194
6309
7389
2369
7352
5009
8742
6095
9195
3905
8335
7506
2108
7888
36
2702
1585
3080
1866
4895
4215
1722
9525
2800
6500
6771
5626
357
6557
4075
2699
3421
6032
9081
7816
8777
9423
961
3683
2839
8655
5727
4753
6397
8731
719
9548
2743
4685
1703
3209
5509
7762
8078
3339
3538
529
2703
4088
4855
89
8463
9876
3973
9046
5016
4426
7857
40
6457
5006
6608
4159
4231
7871
7052
2027
607
6266
6411
6714
1631
6316
2795
7534
765
8419
2325
8307
7281
9203
886
6926
4479
8325
1654
6085
8841
4655
1419
962
7309
5739
8425
8585
7286
9267
5325
2287
5582
2925
6275
2499
9417
4748
859
3822
5469
7540
8719
5807
9584
1194
1863
2909
1310
4965
1567
4693
7033
1612
4762
5863
8378
8737
3032
8938
6209
4797
2863
5653
4455
3444
4619
2392
9770
2238
7522
6742
8385
4676
470
2575
6791
7789
1113
5481
4681
4130
98
9424
1086
6469
1146
2121
2953
6538
6602
7203
9246
3259
2442
3466
7991
5608
675
850
9913
7337
1751
934
3322
6895
735
2859
5596
3616
6938
9249
5397
9063
791
5285
9832
4367
7820
8959
1264
9410
9363
2602
7965
6408
8771
9596
3875
1122
933
54
3695
3934
6944
9379
652
9358
9990
400
1381
8
9315
389
7676
7618
3859
518
5559
1475
6203
4106
4323
273
2075
8452
6200
7188
9221
9927
4141
9218
475
8683
9450
3594
6071
9035
4716
4739
2284
5195
5304
9609
8377
4223
72
3277
1634
6450
4919
4630
5411
228
2915
1817
3187
3701
5239
3583
9245
8280
1972
8393
4101
1827
9529
902
8606
3441
374
4226
136
8473
5841
2505
9320
5037
4422
4954
3214
2021
924
7013
6128
3865
5877
2092
5046
3775
9327
1372
1185
8847
2576
1661
4390
2170
3303
3029
8225
8956
9155
913
104
4661
2698
5360
4717
4799
7118
5197
8652
6202
4337
4927
7855
9071
7824
8469
1347
9346
6554
6654
4379
4812
3399
6550
9585
3037
7061
3628
2387
4866
8361
1876
6444
679
9463
4807
327
704
736
5867
8349
4897
1693
1518
7375
2985
758
8853
841
4316
1323
4532
8032
9340
7791
8274
2052
9322
8769
7128
7988
8080
7610
2308
1238
1278
9793
2168
4938
2137
787
1669
9097
3168
4220
7348
5155
1367
9173
1309
3623
5634
7164
5369
8887
3083
5782
7426
5341
6423
186
7390
9279
4581
2222
7180
4036
4363
576
405
3660
3895
5674
5439
8986
7788
9014
9796
3814
8784
7950
2691
8039
5427
4330
4082
259
2652
9214
220
8057
4228
1049
1218
8811
5280
2786
2444
832
9751
5321
6307
4929
1593
8689
3856
3132
867
7621
3271
9207
4730
7300
9589
7819
4949
7433
4266
1150
511
3567
2040
5313
7198
7853
5454
7027
3400
702
8214
4520
759
858
326
4518
2773
6865
9251
5103
813
3335
7153
9135
4167
9956
3502
5028
1879
1494
7226
1852
2283
1944
999
2338
1936
2243
7440
1232
6863
5064
8603
6075
5154
6981
6253
4836
1955
3949
2110
510
325
6374
4785
3834
912
2783
5705
3046
5114
7334
473
3313
3982
8261
7812
1313
4896
4672
7979
3728
4521
5249
5434
8397
805
8091
4952
896
285
2135
7040
6969
2559
5010
7233
266
8036
6041
7620
6580
5647
6245
724
7195
1243
1542
8960
7127
8074
4070
1316
2163
6176
1487
8185
5260
8902
5499
624
5483
4046
9336
432
1735
7893
144
952
1808
651
9323
1268
4402
2527
3086
5412
6112
7769
8726
4976
2537
1873
1746
537
5562
6882
1588
9874
7496
8686
591
1721
6347
2757
5159
9798
6461
7324
8616
2724
4301
9551
2913
5995
3360
5404
8638
1978
9292
7652
9025
508
4804
6900
8312
2917
1853
6907
4315
627
4700
881
3564
5054
7287
1653
9043
5846
290
7171
9686
4908
3506
5373
7028
8402
9034
4456
1558
456
3023
8895
9519
5992
8479
9453
4341
3632
509
3902
4289
1870
3533
4449
2533
2987
3387
5202
5565
2792
9304
8614
2224
9789
3017
5777
2386
7920
3436
1081
8646
9784
9883
6898
4539
5273
9299
3240
2186
2174
6102
3951
4485
6183
5695
3474
4448
876
2885
3614
9189
9310
8283
2020
4224
9280
6620
33
6691
7129
5921
7029
645
2964
7983
3077
7803
4211
1005
2289
7498
7565
7650
2000
6594
2735
9711
7159
1428
5539
5011
3968
8860
2700
2715
343
3424
2813
9731
6358
4287
5102
9706
7664
6064
1923
3790
6341
2271
3821
9394
8336
8939
5773
4859
2949
8413
3548
9274
9579
9901
9278
6017
8206
9710
9115
462
3270
879
9695
6552
2103
3953
3637
2178
1626
2460
6263
1161
643
4558
5357
1952
3102
5410
9119
855
2324
4905
6388
4933
1710
8156
9325
1206
2206
4213
6615
9268
6027
2805
3843
3459
8510
9029
4764
1447
3332
7401
7693
647
2042
7996
6420
5125
6340
3710
2842
4529
2179
4936
8190
4178
2777
4608
1058
4863
5999
1898
4993
6396
2914
7037
9835
7510
3161
8298
3173
2568
6447
2104
1756
1141
6294
6217
8135
4505
7106
189
4412
1550
2094
8762
1004
2749
6660
7054
5816
4775
3337
8201
5542
5893
7021
9852
24
5687
210
8383
6783
770
1217
3937
4431
5656
3601
465
7705
3691
4361
5051
5799
4930
6930
8858
2543
2623
4635
734
5791
1184
3886
1281
307
1256
1215
8866
6508
1992
4674
4481
5171
1635
3568
5950
5891
8617
1941
6068
7881
2910
1434
7331
2156
1426
6904
5242
4514
5316
4366
4225
823
6892
7177
6924
1574
1767
9126
4707
8671
158
4996
6778
1539
2277
2774
8705
9443
4081
4646
4421
3248
3133
4350
9425
7772
299
5852
9707
5258
4783
1093
8917
53
4321
1510
4956
2668
1406
8592
6090
1695
3254
7589
6977
164
9812
8604
7045
9795
3894
4162
5286
7536
4989
7123
4654
3967
3931
2155
1236
8118
141
650
5641
9580
8741
989
4620
7916
803
9777
2345
6359
4346
5364
2969
3978
135
2246
167
1708
9061
6293
4282
3862
3560
1925
4603
8546
6278
7271
3626
8173
1090
6843
899
2257
3965
2739
5889
2420
536
7935
1655
9352
424
5344
310
7821
3592
1643
3104
1285
2274
3539
4396
1587
9597
7557
5507
7268
7525
9745
2184
2626
4615
7966
6534
101
6124
4280
2784
1623
2288
9128
1331
9448
2956
9235
1599
1589
8530
1987
8182
4102
2766
7140
4476
6456
8105
9427
7528
1704
8955
6571
9152
2480
1828
4928
7332
3976
1364
6699
5719
6108
9083
67
4900
3772
6586
1985
1001
3694
4436
8149
2503
7206
5191
4937
8952
2467
6489
9521
7723
7611
6636
4564
4265
6750
8163
6152
6749
2965
9433
788
6086
8580
3493
3742
5340
3509
6822
2876
7887
6242
8294
8831
5797
3599
8326
7131
2305
5352
8975
2856
2933
3689
669
946
60
3998
9067
9850
1002
2310
4898
3846
8337
8262
9910
7134
1582
3734
8219
2264
6821
623
5005
5236
8090
5403
9442
3031
8596
7025
2029
8189
1513
6179
1937
3143
6833
2458
630
1424
7311
7667
6338
216
3110
2907
2193
8992
5549
641
9642
5880
947
9559
2482
655
5530
6970
1070
2664
4190
2950
6736
2728
1990
7902
8627
3898
4403
3138
3831
6054
8747
3669
8961
3639
4415
20
6973
2986
8813
1325
5193
5141
128
7492
9856
6975
9077
5455
7532
4835
3838
2158
4867
5017
1524
4883
6868
4450
2598
3323
8901
7001
1461
1606
9313
700
5179
5847
6987
3890
4669
2056
8609
9598
1088
2552
9557
9200
5976
4828
1250
303
4803
6722
8238
8754
30
4037
987
521
2384
9847
58
5689
4097
6563
7533
5529
2511
626
7459
3730
1947
9093
8694
3446
9110
1637
3938
3761
6487
7886
1789
8165
4724
4453
6171
2810
6047
7283
7795
4649
4417
6519
621
8888
4572
1231
4074
7341
8822
3370
9545
444
2247
4400
6788
8569
3050
8067
4948
4064
2831
9841
7850
8996
9272
5108
1903
-
