106
129
 23
  9
109
161
113
157
 96
 95
 86
 64
120
 31
144
139
 11
  5
 34
 58
188
 84
 10
200
126
116
199
149
 54
 79
158
 44
 48
 68
 43
124
151
 14
110
176
185
118
 20
146
 92
 81
141
 51
 65
136
 32
102
 59
 35
138
195
 61
 88
135
 62
  7
187
105
 78
 97
 94
 91
 36
 25
119
134
 83
 45
 89
127
159
 13
150
 76
  4
173
 57
 28
 50
 24
198
 80
104
  6
107
162
196
163
131
 73
112
 15
 72
182
197
130
169
171
101
178
 85
140
 69
 16
 12
 42
 71
 99
 66
153
180
117
 75
103
172
 55
 90
 77
156
175
115
 56
186
177
167
125
 30
193
190
191
133
  3
164
100
114
  1
 41
 18
192
152
 63
 17
 33
132
111
145
154
165
 70
 52
 87
 74
 37
147
128
181
174
  2
 38
184
 93
 27
179
121
 82
183
 67
168
189
 98
 39
143
 19
166
137
160
 46
142
155
 53
108
 47
  8
123
170
 49
122
148
 26
 22
 40
194
 60
 29
 21
-
